ModelKey,MessageIndex,Predicted_Keywords,Matched_Keywords,Precision,Recall,F1,TP,FP,FN,Text
qwen-strategy0-v10,1,,,0.0,0.0,0.0,0,0,235,<empty>
qwen-strategy0-v10,2,,,0.0,0.0,0.0,0,0,235,<empty>
qwen-strategy0-v10,3,,,0.0,0.0,0.0,0,0,235,<empty>
qwen-strategy0-v10,4,,,0.0,0.0,0.0,0,0,235,<empty>
qwen-strategy0-v10,5,,,0.0,0.0,0.0,0,0,235,<empty>
qwen-strategy0-v10,6,,,0.0,0.0,0.0,0,0,235,<empty>
qwen-strategy0-v10,7,,,0.0,0.0,0.0,0,0,235,<empty>
qwen-strategy0-v10,8,,,0.0,0.0,0.0,0,0,235,<empty>
